9529537 3.39 2000/01/21 04:40:01 36.97017 -118.55300 0.00
9533253 3.11 2000/02/23 09:18:48 32.23283 -115.04600 54.49
9542957 3.63 2000/04/10 01:33:39 34.96317 -116.40733 10.79
9543473 3.30 2000/04/14 00:36:43 37.89433 -116.67300 0.02
9545893 4.00 2000/05/02 06:46:11 32.20000 -115.01000 0.01
9545901 3.69 2000/05/02 07:06:27 32.22483 -115.07350 0.02
9521994 3.40 2000/05/02 07:24:29 32.18583 -115.10400 6.00
9545909 3.23 2000/05/02 07:24:29 32.21133 -115.07800 6.01
9545961 3.24 2000/05/02 13:03:38 32.21783 -115.02167 6.00
9546149 3.06 2000/05/04 06:26:32 31.98250 -114.99450 0.56
9547077 3.41 2000/05/12 16:13:15 33.24117 -115.00950 28.90
9553549 3.34 2000/07/03 10:08:00 31.57467 -115.81333 3.31
9554517 3.31 2000/07/11 01:38:50 34.86650 -118.89050 0.00
9554513 3.24 2000/07/11 01:38:50 36.09033 -117.95750 0.00
9557745 3.41 2000/08/10 14:15:12 35.40850 -121.10367 0.06
9560197 5.20 2000/09/03 08:36:30 38.40000 -122.40000 10.00
9560045 3.96 2000/09/03 08:37:08 37.96650 -119.22650 0.00
9562481 3.45 2000/09/09 19:12:14 36.60767 -116.31167 7.05
9566421 3.01 2000/09/20 21:29:46 31.85667 -116.22583 0.00
9567033 3.38 2000/09/21 18:08:55 36.03117 -120.52000 0.01
9570961 3.82 2000/09/26 07:20:50 37.57133 -118.88167 0.00
9584197 3.82 2000/10/14 04:53:31 37.31817 -117.14283 6.77
9600953 3.60 2000/12/04 14:44:39 32.15383 -115.07733 7.00
11012188 3.26 2000/12/05 21:18:47 36.08300 -117.90900 4.60
9605445 3.19 2000/12/19 02:21:23 32.08317 -116.31734 0.00
9605901 3.01 2000/12/21 04:57:19 37.71000 -119.44434 0.00
9606793 3.07 2000/12/24 20:52:56 36.85333 -117.14250 0.00
9607761 3.28 2000/12/29 02:45:15 37.31783 -118.36100 0.00
9609401 3.04 2001/01/04 09:54:36 31.99900 -116.08700 6.00
9610589 3.20 2001/01/07 07:19:23 32.31133 -114.92350 6.00
9611657 3.74 2001/01/09 19:09:18 31.94600 -114.82300 6.00
9173090 3.09 2001/01/11 12:10:08 31.90400 -114.76500 6.00
9173098 3.12 2001/01/11 12:47:11 31.31500 -115.81600 6.00
9613069 3.58 2001/01/13 17:40:05 35.04417 -117.64150 0.00
9613261 4.05 2001/01/14 02:50:54 34.28900 -118.40300 8.44
9173533 3.17 2001/01/16 12:29:16 31.95200 -114.75700 6.00
9613829 4.38 2001/01/17 01:26:34 31.86267 -114.63317 27.30
7212430 3.21 2001/01/17 04:13:04 32.44800 -113.71900 6.00
9613901 3.36 2001/01/17 04:47:21 31.92700 -114.72900 6.00
9613949 3.67 2001/01/17 09:33:31 31.90900 -114.78000 6.00
9613957 3.04 2001/01/17 09:51:58 31.89000 -114.70500 6.00
9613961 3.14 2001/01/17 10:10:05 31.90200 -114.74600 6.00
9173698 3.28 2001/01/18 10:23:08 31.91400 -114.78700 6.00
9614449 3.83 2001/01/18 15:12:47 36.95033 -118.50300 7.10
9619349 3.16 2001/01/28 21:27:08 31.94600 -116.29500 6.00
9622353 3.21 2001/02/02 11:19:41 37.28700 -118.59900 6.84
9623517 3.06 2001/02/04 03:29:05 36.09717 -115.36500 7.00
9624197 3.44 2001/02/05 11:54:20 32.39500 -117.58900 25.62
9624761 3.45 2001/02/06 13:46:09 31.75117 -116.01067 4.97
9624837 3.42 2001/02/06 14:17:07 31.92733 -115.84483 7.01
9625229 3.10 2001/02/07 13:59:45 36.59000 -120.51083 2.66
9627557 3.89 2001/02/10 17:50:22 33.81517 -116.14633 8.25
9627721 5.13 2001/02/10 21:05:06 34.28950 -116.94583 9.12
9627809 3.03 2001/02/10 21:35:09 34.30200 -116.93133 6.39
9627873 3.22 2001/02/10 23:34:16 34.28383 -116.94667 6.92
9627953 4.22 2001/02/11 00:39:16 34.28750 -116.94183 8.12
9628313 3.19 2001/02/11 07:14:40 34.29333 -116.93667 5.22
9628369 3.08 2001/02/11 10:41:16 34.29517 -116.93950 5.75
9628901 3.47 2001/02/13 03:04:36 34.28867 -116.94183 6.21
9628933 3.56 2001/02/13 06:11:48 34.27750 -116.94250 6.23
9629061 3.43 2001/02/13 20:22:58 31.56400 -116.86067 0.07
9629261 3.14 2001/02/14 19:25:04 34.30067 -116.93617 5.00
9630113 3.29 2001/02/18 06:09:32 33.67467 -116.80883 16.66
9630517 3.06 2001/02/20 10:36:48 33.70850 -116.77567 16.41
9631385 3.80 2001/02/24 06:10:00 35.11200 -117.52500 3.63
9631733 3.26 2001/02/25 23:18:51 36.68317 -119.43317 0.00
9631745 3.26 2001/02/26 00:11:30 34.70733 -116.30067 5.07
9632925 3.06 2001/03/02 17:38:06 34.33933 -117.44683 14.14
9633201 3.18 2001/03/04 07:16:52 34.02517 -117.00333 11.53
9633361 3.13 2001/03/05 19:00:35 33.37483 -116.30933 13.99
9633589 3.40 2001/03/06 20:34:24 31.85033 -115.88067 24.84
9634469 3.06 2001/03/11 12:10:53 36.35283 -117.44233 5.60
9634937 3.19 2001/03/14 01:19:42 34.64667 -116.29417 5.60
9635401 3.30 2001/03/17 02:55:53 36.96967 -118.52283 5.41
9635469 3.10 2001/03/17 11:12:16 32.94167 -119.11517 7.01
9635709 3.45 2001/03/17 22:04:21 35.77233 -118.03433 4.12
9636997 3.03 2001/03/22 07:10:01 36.04433 -117.67783 2.85
9638417 3.05 2001/03/24 09:06:58 34.80683 -116.27217 5.00
9639729 3.35 2001/03/25 00:41:25 34.04767 -117.57050 7.53
9641025 3.21 2001/03/29 15:54:35 34.69117 -116.30767 5.54
9641549 3.19 2001/03/31 17:56:42 31.77917 -116.02733 5.13
9641857 3.47 2001/04/02 10:19:53 33.24033 -116.25533 9.26
9642449 3.16 2001/04/05 20:28:32 33.87150 -117.02417 13.34
9642941 3.75 2001/04/08 01:25:29 36.01733 -117.81167 3.61
9643353 3.06 2001/04/10 00:00:58 36.04467 -117.67500 2.03
9643369 3.17 2001/04/10 01:47:42 34.53633 -116.26683 5.60
9643685 3.07 2001/04/11 19:53:58 36.37983 -117.82883 5.60
9643697 3.09 2001/04/11 23:55:47 36.36783 -117.84467 5.27
9643705 3.08 2001/04/12 00:21:01 35.98333 -118.33300 5.60
9644037 3.59 2001/04/13 02:48:44 35.93967 -120.53000 6.99
9644101 3.64 2001/04/13 11:50:12 33.87767 -117.68817 3.59
9644105 3.08 2001/04/13 11:54:51 34.04783 -117.10617 5.93
9644281 3.03 2001/04/14 05:47:37 33.20100 -115.59383 2.52
9644345 3.77 2001/04/14 14:51:23 35.98933 -118.33117 5.60
9644349 3.03 2001/04/14 14:54:00 35.98967 -118.33250 5.60
9644497 3.04 2001/04/14 16:25:16 35.98650 -118.33117 5.60
9645193 3.01 2001/04/17 08:49:07 35.99133 -118.33950 5.60
9645677 3.14 2001/04/19 02:20:25 36.32900 -118.34783 5.60
9645749 3.24 2001/04/19 09:02:40 34.70933 -118.71533 14.03
9645945 3.40 2001/04/20 09:52:12 33.70450 -116.77617 16.89
9646589 3.51 2001/04/23 16:33:49 36.02483 -117.88267 4.77
9646629 3.23 2001/04/23 16:44:11 36.02550 -117.89533 3.56
9646797 3.30 2001/04/23 19:59:53 36.02583 -117.88833 3.78
9647261 3.10 2001/04/24 11:57:00 36.03033 -119.89333 0.00
9647549 3.26 2001/04/25 01:13:43 34.64783 -116.27967 5.84
9649797 3.03 2001/05/04 08:22:14 37.54983 -118.83167 6.18
9652545 3.84 2001/05/14 17:13:30 34.22617 -117.43967 8.73
9652661 3.71 2001/05/15 02:39:48 35.73467 -121.55017 7.01
9653261 3.02 2001/05/17 19:49:47 35.79883 -118.04467 8.03
9653293 3.57 2001/05/17 20:47:59 35.79850 -118.03983 5.60
9653349 4.25 2001/05/17 21:53:46 35.79900 -118.04367 8.74
9653493 4.10 2001/05/17 22:56:46 35.79600 -118.04617 8.44
9653565 3.15 2001/05/17 23:23:38 35.79400 -118.04867 9.13
10856059 3.14 2001/05/18 01:24:25 35.79817 -118.04500 7.79
9653733 3.03 2001/05/18 02:27:56 35.80217 -118.04450 9.20
9654117 3.19 2001/05/19 02:06:16 31.79017 -116.22267 6.88
9655209 3.78 2001/05/23 19:10:35 34.02383 -116.75717 14.38
9655873 3.09 2001/05/26 00:37:10 33.99767 -116.56067 11.87
9656105 3.12 2001/05/26 18:59:04 37.98550 -118.76500 7.05
9656201 3.37 2001/05/27 01:29:52 31.81683 -116.29150 6.00
9657029 3.17 2001/05/29 01:09:56 37.04150 -117.72283 6.92
9658681 3.15 2001/06/05 09:38:46 33.67767 -116.76033 16.35
9659133 3.06 2001/06/07 18:28:30 33.03167 -115.59483 12.40
9659389 3.12 2001/06/08 23:15:28 34.56867 -116.23133 7.00
9659437 3.16 2001/06/09 02:34:01 34.22567 -117.46417 14.77
9659661 3.01 2001/06/10 04:23:33 36.02950 -117.88583 3.21
9660205 3.07 2001/06/12 12:08:24 33.68750 -116.81633 15.27
9660449 3.35 2001/06/13 07:44:14 32.72933 -115.41383 16.96
9662197 3.07 2001/06/17 10:57:29 37.39300 -117.27500 7.00
9663085 3.07 2001/06/19 03:56:37 32.33517 -115.22583 7.01
9664317 3.01 2001/06/20 22:30:44 35.79900 -118.04133 7.18
11614608 3.19 2001/06/23 11:40:17 31.81300 -116.24200 0.67
9666401 3.30 2001/07/01 05:14:39 36.09833 -118.40033 10.46
9666905 3.92 2001/07/03 11:40:48 34.26350 -116.76417 3.30
9666909 3.02 2001/07/03 11:43:14 34.26283 -116.76650 4.32
9671933 3.60 2001/07/14 17:30:29 36.03033 -117.87783 2.68
10964587 3.80 2001/07/14 17:30:40 36.02283 -117.87083 3.74
9671937 3.91 2001/07/14 17:32:49 36.02667 -117.87400 3.65
9672013 3.36 2001/07/14 17:55:45 36.02600 -117.87517 3.32
9673237 3.02 2001/07/16 03:21:40 33.46183 -116.41683 14.61
9673461 3.02 2001/07/16 13:05:06 36.02150 -117.87283 3.47
9673577 3.50 2001/07/16 15:55:28 36.01783 -117.87767 2.88
9673581 3.18 2001/07/16 15:57:15 36.00967 -117.87900 3.43
10968851 3.18 2001/07/16 15:57:23 36.00983 -117.88567 2.30
9674049 5.10 2001/07/17 12:07:26 36.01633 -117.87433 2.97
9674069 3.06 2001/07/17 12:16:28 36.03517 -117.87517 4.59
10970835 3.60 2001/07/17 12:22:20 36.02567 -117.88100 1.93
9674093 3.75 2001/07/17 12:22:29 36.02683 -117.86500 5.49
9674097 4.07 2001/07/17 12:25:19 36.04300 -117.87217 5.60
10970503 3.10 2001/07/17 12:26:00 36.00600 -117.89233 0.14
9674141 3.16 2001/07/17 12:36:38 36.03033 -117.88483 3.12
9674205 3.69 2001/07/17 12:56:31 36.02850 -117.88283 2.72
9674213 4.65 2001/07/17 12:59:59 36.01700 -117.88233 0.40
9674653 3.68 2001/07/17 14:59:50 36.03250 -117.88350 2.61
9675181 3.27 2001/07/17 17:30:58 35.99850 -117.87150 5.31
9678997 3.48 2001/07/19 10:56:25 36.01383 -117.87517 3.15
9679285 3.25 2001/07/19 15:01:08 35.99567 -117.86767 3.36
9679573 3.15 2001/07/19 19:07:35 36.00950 -117.87550 4.74
10972299 3.79 2001/07/19 20:42:37 34.26550 -117.46417 10.91
10976071 3.46 2001/07/20 01:04:01 35.99733 -117.87517 3.95
10980179 3.05 2001/07/20 05:53:05 36.00650 -117.87650 5.21
10992159 4.43 2001/07/20 12:53:08 35.99500 -117.87717 3.42
10992311 3.13 2001/07/20 14:40:15 35.99333 -117.87467 3.60
11464055 3.40 2001/07/21 11:15:36 35.98817 -117.87333 3.06
9682377 3.14 2001/07/21 19:57:53 32.70967 -116.06367 0.03
9682457 3.09 2001/07/21 22:07:02 35.99233 -117.87667 4.19
9682745 3.02 2001/07/22 08:13:58 34.28750 -116.98783 8.30
9683913 3.70 2001/07/23 21:02:47 35.99000 -117.87900 3.99
11671240 3.25 2001/07/24 08:54:51 35.98217 -117.86867 3.11
11671476 3.29 2001/07/24 13:43:18 35.98333 -117.86133 1.36
11671908 3.04 2001/07/25 01:19:26 31.66717 -116.09667 0.30
9686289 3.07 2001/07/27 17:53:19 36.06050 -117.87417 2.10
9686565 4.01 2001/07/28 01:09:29 36.05817 -117.87150 1.66
9686897 3.12 2001/07/28 09:41:29 36.05017 -117.87750 2.85
9688025 3.66 2001/07/30 23:34:18 36.04867 -117.88283 2.75
9688073 3.49 2001/07/31 00:47:35 36.05117 -117.88350 3.09
9688281 3.26 2001/07/31 09:08:27 36.02750 -117.88400 3.77
9688709 3.62 2001/08/01 03:05:16 35.98933 -117.87817 3.48
9689049 3.21 2001/08/01 11:47:03 31.67583 -116.00250 1.41
9689253 3.06 2001/08/01 21:31:43 36.06200 -117.89667 1.69
9689717 3.67 2001/08/02 16:21:19 37.21950 -117.79133 10.06
9690797 3.16 2001/08/04 19:05:55 35.73050 -118.48233 4.92
9692049 3.47 2001/08/07 16:52:54 32.10567 -116.42350 7.00
9692689 3.03 2001/08/09 01:13:07 32.76783 -118.20550 7.00
9693369 3.30 2001/08/10 20:20:28 36.08433 -118.50367 31.07
9693565 3.82 2001/08/11 12:01:44 39.17100 -120.93417 7.00
9693829 3.35 2001/08/12 08:57:30 31.94417 -117.30950 7.01
9693833 3.41 2001/08/12 08:57:48 32.48933 -116.29817 9.91
9693913 3.39 2001/08/12 14:13:14 31.96817 -117.32583 7.01
9694241 3.39 2001/08/13 14:06:09 35.53450 -121.21817 5.53
9695397 4.36 2001/08/16 18:04:34 32.75950 -118.28817 6.94
9695445 3.26 2001/08/16 20:04:19 32.76017 -118.32100 26.28
9695457 3.06 2001/08/16 20:37:00 32.72750 -118.39300 31.39
9695549 4.17 2001/08/16 22:06:28 32.73350 -118.33417 25.22
9696429 3.22 2001/08/20 01:26:32 34.63633 -116.31450 5.60
9696461 3.05 2001/08/20 07:34:23 34.04350 -117.25017 15.68
9697153 3.12 2001/08/22 13:06:26 34.59517 -116.27067 5.60
9697481 3.06 2001/08/23 11:25:40 36.04717 -117.87217 2.99
9698857 3.39 2001/08/28 21:30:12 33.64700 -116.74183 14.10
9700049 3.49 2001/09/01 23:05:59 33.37167 -116.41667 9.59
9700217 3.38 2001/09/02 14:11:12 36.23783 -120.22867 6.99
9700593 3.11 2001/09/03 09:55:34 33.37667 -116.41950 11.23
9700605 3.16 2001/09/03 11:22:04 31.27067 -116.42650 0.22
9700609 3.12 2001/09/03 11:22:05 31.32800 -116.44933 0.22
9703061 3.08 2001/09/08 04:25:14 34.27617 -117.49983 13.70
9703873 4.24 2001/09/09 23:59:18 34.05900 -118.38850 7.90
9704437 3.04 2001/09/10 17:40:09 33.45183 -116.63000 9.22
9706897 3.10 2001/09/17 01:14:49 33.92250 -117.77383 11.83
9707757 3.17 2001/09/20 23:43:24 32.92550 -117.77033 7.00
9708393 3.01 2001/09/23 22:44:33 33.50867 -116.51317 15.10
9708729 3.07 2001/09/25 11:35:14 36.08783 -117.89350 0.09
9708813 3.03 2001/09/25 18:34:09 36.44283 -117.86517 5.68
9709105 3.24 2001/09/26 17:52:11 36.21833 -120.25983 12.91
9709553 3.08 2001/09/29 06:51:06 34.04833 -116.77033 13.71
9709589 3.01 2001/09/29 11:50:01 34.98950 -119.45783 15.14
9709753 3.09 2001/09/30 08:09:17 31.98533 -115.82300 6.99
9712073 3.25 2001/10/09 15:30:54 33.99633 -120.06950 7.00
9712905 3.36 2001/10/10 06:41:49 31.98550 -116.26250 7.02
9713157 3.07 2001/10/11 18:56:50 34.81950 -116.35350 2.95
9713401 3.06 2001/10/12 16:08:40 33.50133 -116.52050 12.60
9713697 3.11 2001/10/14 01:00:29 31.95567 -116.31833 7.01
9714385 3.26 2001/10/17 05:53:58 34.63933 -116.23133 3.49
11739600 3.34 2001/10/23 20:57:05 32.09700 -117.40267 7.00
9716149 3.20 2001/10/25 04:43:30 31.83700 -116.24050 5.60
9716177 3.09 2001/10/25 06:41:46 33.28633 -118.68200 5.60
9716541 3.31 2001/10/26 21:06:30 32.67050 -116.10267 17.23
9716853 3.98 2001/10/28 16:27:46 33.92200 -118.27017 21.13
11743612 3.44 2001/10/30 12:58:33 34.35150 -116.47150 9.39
9717965 3.08 2001/10/31 02:17:07 32.60983 -116.15483 7.58
9718013 5.09 2001/10/31 07:56:17 33.50833 -116.51433 15.22
9720205 3.27 2001/11/03 19:53:57 34.16167 -116.43417 9.59
9720229 3.03 2001/11/03 20:37:54 34.15450 -116.43367 5.40
9721857 3.01 2001/11/10 11:05:35 32.37783 -115.37250 7.01
9722481 3.03 2001/11/13 16:03:43 33.32533 -115.69150 6.28
9722489 3.24 2001/11/13 16:08:37 33.31767 -115.69800 3.94
9722529 3.44 2001/11/13 16:45:05 33.31100 -115.70383 3.60
9722577 3.14 2001/11/13 18:57:08 33.30733 -115.71133 3.79
9722633 4.11 2001/11/13 20:43:15 33.31717 -115.70017 5.50
9722637 3.22 2001/11/13 20:46:40 33.30583 -115.72150 2.62
9722669 3.18 2001/11/13 21:00:40 33.31167 -115.70567 3.64
9724801 3.23 2001/11/23 17:06:43 34.61333 -116.27817 5.60
9728853 3.18 2001/12/02 21:26:50 37.54284 -118.85384 3.73
9729017 3.11 2001/12/03 00:50:08 37.39217 -118.62617 0.22
9731517 3.38 2001/12/07 20:47:50 34.40950 -116.46550 8.71
9732601 5.10 2001/12/08 23:36:10 31.99767 -115.00167 7.00
9732661 3.24 2001/12/08 23:51:20 31.98233 -114.94717 6.99
9732665 3.18 2001/12/08 23:56:10 32.04750 -114.81467 84.43
9732745 3.40 2001/12/09 00:06:45 32.07833 -114.94767 7.00
9732973 4.89 2001/12/09 01:42:26 32.00350 -115.01000 7.06
9733233 3.19 2001/12/09 11:07:13 32.08350 -114.97850 7.00
9733897 3.14 2001/12/11 09:23:44 32.09250 -114.97850 7.00
9734033 3.62 2001/12/11 21:40:35 34.10783 -116.72333 9.27
9734797 3.05 2001/12/13 17:16:45 36.00967 -117.87750 3.29
9735129 3.97 2001/12/14 12:01:36 33.95450 -117.74633 13.83
9737445 3.02 2001/12/18 16:24:40 31.98350 -117.35067 7.00
9737457 3.05 2001/12/18 17:46:09 36.93250 -120.98683 6.99
9737805 3.31 2001/12/20 08:25:17 36.08000 -120.09184 0.00
9737857 3.37 2001/12/20 16:04:08 32.00117 -117.38183 7.00
9738165 3.37 2001/12/21 23:28:31 31.99000 -117.38900 11.11
9740977 3.14 2001/12/29 07:40:03 32.07833 -115.00250 6.99
9741073 3.16 2001/12/29 18:13:30 35.85483 -120.47233 6.99
9741665 3.37 2001/12/31 05:06:29 31.78750 -116.25333 0.04
9742149 3.03 2002/01/01 21:23:58 33.26450 -116.14183 5.54
9742277 4.21 2002/01/02 12:11:29 33.37933 -116.43450 12.58
9743989 3.51 2002/01/04 19:29:30 32.40817 -115.10500 7.00
9744005 3.26 2002/01/04 19:38:08 32.42900 -115.08400 7.01
9744041 3.03 2002/01/04 20:21:21 32.41800 -115.07783 7.00
9744097 3.01 2002/01/04 21:48:56 32.42400 -115.09917 7.00
9744101 3.44 2002/01/04 21:52:21 32.38767 -115.04000 7.00
9744193 3.41 2002/01/04 22:58:44 32.39733 -115.02783 7.00
9744197 3.18 2002/01/04 23:02:40 32.53950 -115.08700 7.03
9744377 3.48 2002/01/05 02:28:00 32.37967 -115.02850 7.00
9744393 3.32 2002/01/05 04:00:04 32.35583 -115.01267 7.02
9744405 3.16 2002/01/05 04:19:05 32.31250 -114.99500 7.01
9744409 3.58 2002/01/05 04:24:13 32.39417 -115.03217 7.00
9744413 3.22 2002/01/05 04:32:08 32.37383 -115.03333 7.00
9744417 3.03 2002/01/05 04:39:00 32.35533 -115.01017 7.04
9744421 3.41 2002/01/05 04:44:28 32.33950 -114.99033 7.00
9744473 3.20 2002/01/05 08:48:42 32.39983 -115.04383 7.00
9744477 3.18 2002/01/05 08:51:31 32.30600 -114.96850 7.02
9504422 3.08 2002/01/06 00:38:17 32.41883 -115.07450 7.00
9744877 3.25 2002/01/06 00:43:56 32.29633 -115.03750 7.12
9744905 3.43 2002/01/06 01:25:11 32.37850 -115.05500 7.00
9504418 3.47 2002/01/06 01:25:38 32.41300 -115.06617 7.00
9745753 3.15 2002/01/07 03:22:03 34.46200 -116.48267 3.90
9747397 3.11 2002/01/11 23:40:53 32.38167 -115.07017 7.01
9747849 3.14 2002/01/12 17:44:41 32.31400 -115.02300 7.01
9748061 3.01 2002/01/13 13:10:05 32.40383 -115.09300 7.00
9748381 3.29 2002/01/14 05:33:59 32.41900 -115.10267 7.01
9749669 3.47 2002/01/18 09:23:50 32.41033 -115.09567 7.00
9750141 4.19 2002/01/19 23:44:29 31.04883 -115.38733 6.71
9751769 3.30 2002/01/22 08:39:31 34.54233 -118.97683 21.96
12311476 3.12 2002/01/27 07:01:14 36.05200 -119.79933 7.01
12319564 3.04 2002/01/28 16:30:17 36.04383 -117.87717 3.34
9753481 3.09 2002/01/29 05:53:08 34.35400 -118.65083 12.97
9753485 4.18 2002/01/29 05:53:29 34.36133 -118.65717 14.15
9753489 3.90 2002/01/29 06:00:40 34.37050 -118.66783 14.21
9753497 3.80 2002/01/29 06:08:02 34.36533 -118.66433 14.45
9753949 3.59 2002/01/29 20:23:07 34.36283 -118.66683 12.60
9753965 3.07 2002/01/29 20:27:27 34.36750 -118.66133 13.06
9755013 3.47 2002/01/30 18:47:57 34.36617 -118.66067 12.77
12415448 3.58 2002/02/04 04:39:10 33.04667 -116.44017 16.11
9758113 3.38 2002/02/07 05:29:32 34.10817 -116.70533 7.36
12447436 3.67 2002/02/09 02:42:20 32.30067 -117.70400 7.00
12455464 3.04 2002/02/18 23:05:34 32.28417 -115.27383 6.00
12455484 3.27 2002/02/19 00:30:40 32.25950 -115.24817 7.01
12455556 3.01 2002/02/19 07:32:24 37.39433 -117.06867 5.08
12456160 3.16 2002/02/21 18:27:26 32.56500 -115.77483 5.60
12456384 5.70 2002/02/22 19:32:42 32.31883 -115.32150 7.00
12456388 3.37 2002/02/22 19:42:34 32.32467 -115.32017 7.01
12456400 3.24 2002/02/22 19:45:51 32.37217 -115.31667 6.99
12456396 3.14 2002/02/22 19:47:59 32.30083 -115.31300 7.00
12456404 3.04 2002/02/22 19:49:19 32.29683 -115.31367 7.00
12456408 3.17 2002/02/22 19:50:09 32.31750 -115.30233 7.00
12456420 3.12 2002/02/22 19:55:19 32.29133 -115.32217 7.00
12456448 3.19 2002/02/22 20:09:54 32.31583 -115.31917 7.00
12456460 3.52 2002/02/22 20:20:00 32.30650 -115.32017 7.02
12456476 4.13 2002/02/22 20:33:49 32.30433 -115.33317 7.02
12456480 3.05 2002/02/22 20:39:28 32.32450 -115.32150 7.01
12456548 3.04 2002/02/22 21:20:11 32.29733 -115.32333 7.00
12456560 3.19 2002/02/22 21:34:47 32.31150 -115.32283 7.01
12456696 3.59 2002/02/22 23:20:35 32.29133 -115.32883 7.01
12456700 3.19 2002/02/22 23:23:49 32.27350 -115.31150 7.00
12457084 3.36 2002/02/23 06:23:39 32.27900 -115.32500 7.00
12457092 3.68 2002/02/23 06:29:40 32.28617 -115.33367 7.00
12457484 3.42 2002/02/23 16:29:22 32.27250 -115.32283 7.02
12457508 3.14 2002/02/23 18:05:15 32.25500 -115.32750 7.02
12457988 3.17 2002/02/24 13:11:47 32.28083 -115.33983 7.00
12458380 3.26 2002/02/25 01:28:09 33.14067 -115.62533 7.39
12458384 3.97 2002/02/25 01:29:12 32.32267 -115.30467 6.99
12458480 3.01 2002/02/25 03:42:40 32.29833 -115.32417 7.01
12458484 3.26 2002/02/25 03:45:03 32.29467 -115.33417 7.02
12458488 3.17 2002/02/25 03:49:34 32.29917 -115.32600 7.00
12458580 3.32 2002/02/25 06:44:19 32.32483 -115.33900 7.01
12458748 3.01 2002/02/25 14:24:58 32.46317 -115.26800 7.00
12458932 3.23 2002/02/25 19:48:37 36.24450 -116.85500 7.96
12459580 3.19 2002/02/27 01:18:46 32.33850 -115.32367 7.01
12467560 3.04 2002/02/28 04:25:25 32.24950 -115.32583 7.00
9504662 3.02 2002/02/28 11:12:45 32.26433 -115.31917 7.00
12467780 3.19 2002/02/28 22:04:54 32.23517 -115.31133 7.01
12471776 3.23 2002/03/03 00:09:01 35.42167 -116.45400 6.76
12471992 3.11 2002/03/03 20:07:18 32.26300 -115.32450 7.02
12472200 3.44 2002/03/04 13:12:22 32.24167 -115.32317 7.03
12472836 3.19 2002/03/06 12:32:40 32.29967 -115.32467 7.00
12472908 3.35 2002/03/06 19:50:41 32.27950 -115.34050 7.01
12473068 3.06 2002/03/07 06:58:34 32.27050 -115.33483 7.05
12495448 3.18 2002/03/10 19:59:06 37.63433 -118.84033 7.00
12531428 3.02 2002/03/11 19:08:04 32.20633 -115.33117 6.92
12583548 3.28 2002/03/14 18:41:27 34.84500 -116.35233 7.51
12615428 3.43 2002/03/15 16:57:57 34.51850 -116.29133 5.60
12619436 3.07 2002/03/15 17:39:26 34.52150 -116.29300 5.60
12659440 4.60 2002/03/16 21:33:24 33.66600 -119.33000 7.00
12663480 3.17 2002/03/17 05:46:14 33.66733 -119.32633 7.00
12663484 3.21 2002/03/17 05:50:43 33.87283 -117.85583 9.52
9772973 3.40 2002/03/23 12:27:33 34.26683 -116.77433 2.96
9773533 3.04 2002/03/26 09:10:12 32.31367 -115.32733 7.00
9773557 3.03 2002/03/26 11:28:34 32.81233 -115.60550 16.47
9773629 3.74 2002/03/26 19:44:28 32.29267 -115.32117 7.01
9774045 3.03 2002/03/28 06:56:08 33.35017 -115.75200 5.09
9774505 3.27 2002/03/30 02:01:56 32.50583 -115.24033 7.01
9774569 3.84 2002/03/30 13:50:52 33.19467 -116.72800 9.35
9775765 4.39 2002/04/05 08:02:56 34.52400 -116.29467 5.60
9776225 3.30 2002/04/07 13:58:43 32.10517 -115.45567 7.00
9776349 3.16 2002/04/07 23:32:23 31.82117 -116.22333 1.13
9776853 3.01 2002/04/09 17:15:04 32.34417 -115.31300 7.01
9777393 3.30 2002/04/11 13:43:16 32.28717 -115.31633 7.00
12883788 4.10 2002/04/29 12:24:41 32.05350 -114.95733 6.00
12887672 3.01 2002/05/01 23:02:28 35.71333 -118.07800 2.95
12887732 3.84 2002/05/02 06:00:15 35.70967 -118.07883 3.11
12943648 3.42 2002/05/07 22:31:48 35.71550 -118.06817 3.16
12947516 3.26 2002/05/08 16:18:13 36.12600 -120.34517 6.97
13075448 5.10 2002/05/14 05:00:26 36.92600 -121.82233 0.00
13303428 3.88 2002/05/21 19:43:08 33.15833 -115.97717 12.87
13311436 3.99 2002/05/23 00:52:51 31.85467 -115.79067 4.26
13451432 3.01 2002/05/27 13:50:20 33.90767 -119.57033 14.55
13656376 3.94 2002/06/09 10:26:56 32.26267 -115.13350 7.00
13656848 3.19 2002/06/11 19:28:24 31.83033 -116.21000 1.66
13657604 4.87 2002/06/14 12:40:46 36.69383 -116.33533 7.04
9792609 3.07 2002/06/18 00:26:06 37.47783 -118.85316 9.86
9793181 3.20 2002/06/19 23:21:17 36.46450 -121.06917 10.29
9795445 3.24 2002/06/27 03:48:21 32.33483 -115.21700 7.01
9796049 3.08 2002/06/29 11:27:06 32.01733 -117.19517 7.01
9796589 3.33 2002/07/01 22:04:00 34.10333 -116.65100 10.02
13672504 3.74 2002/07/15 20:18:18 37.36717 -118.42850 7.01
13687448 3.02 2002/07/17 05:06:23 31.17000 -115.82000 0.44
13692644 3.74 2002/07/25 00:43:15 34.16133 -117.42883 6.54
9805021 3.73 2002/07/31 08:31:48 34.57100 -116.44117 2.96
9805181 3.10 2002/07/31 18:53:40 35.88050 -120.02017 6.98
9808329 3.17 2002/08/11 05:41:33 38.25833 -119.39133 3.79
9808837 3.04 2002/08/13 10:09:50 34.16683 -117.43567 7.34
9809025 3.15 2002/08/13 18:03:26 35.31183 -119.44667 14.30
9809057 3.13 2002/08/13 19:20:34 37.10617 -117.98917 7.91
9811393 3.20 2002/08/19 11:12:14 34.02033 -115.44666 8.40
9817605 3.75 2002/08/31 16:24:33 33.04533 -115.61000 14.24
9818433 4.75 2002/09/03 07:08:52 33.91733 -117.77583 12.92
9818565 3.09 2002/09/03 11:49:33 32.28283 -115.31117 6.26
9819221 4.15 2002/09/04 12:24:15 30.09483 -116.82233 7.00
9820021 3.73 2002/09/06 07:28:23 35.84167 -120.46467 7.00
9820489 3.53 2002/09/07 00:02:11 36.05050 -117.87667 3.32
9820513 3.37 2002/09/07 00:25:32 31.84217 -116.26250 0.15
13811700 3.15 2002/09/11 15:57:00 31.90717 -116.40700 7.00
13813192 3.31 2002/09/15 21:15:51 34.05433 -116.32017 10.50
13813696 3.73 2002/09/17 15:00:05 33.50317 -116.77867 15.99
13820088 3.84 2002/09/19 06:21:05 34.86617 -116.39533 3.51
9826789 4.31 2002/09/21 21:26:17 33.22483 -116.11283 14.57
9827109 3.59 2002/09/23 08:13:17 32.18133 -115.38367 7.01
9827229 3.06 2002/09/23 15:41:27 32.20633 -115.37700 7.04
9827789 3.52 2002/09/25 07:08:46 36.57183 -121.34183 12.95
9828889 4.13 2002/09/28 10:34:47 35.94617 -117.30350 3.72
9829137 3.58 2002/09/28 16:05:17 32.37117 -115.24983 7.00
9829213 3.99 2002/09/28 18:11:30 35.94550 -117.30517 3.48
9829217 3.72 2002/09/28 18:12:57 35.94400 -117.30517 3.11
9829565 3.08 2002/09/29 17:46:09 34.57717 -116.26567 3.26
9831229 3.35 2002/10/04 14:23:27 34.70950 -116.29783 3.00
13843616 3.28 2002/10/05 07:16:23 34.71883 -116.29100 5.57
9848677 3.24 2002/10/09 03:20:59 32.44783 -115.41950 7.01
9851457 3.17 2002/10/16 20:22:01 32.64533 -118.07350 25.19
9851505 3.09 2002/10/17 03:26:35 33.48217 -116.49983 14.91
9851749 3.21 2002/10/18 04:45:42 32.63400 -118.08033 6.99
9852637 3.58 2002/10/22 07:15:26 34.30150 -116.88383 7.10
9853417 3.83 2002/10/24 17:18:33 33.50567 -116.58100 14.53
9854597 4.77 2002/10/29 14:16:54 34.80267 -116.26650 4.60
9855477 3.07 2002/10/31 23:59:37 33.53333 -116.94033 6.06
9856273 3.25 2002/11/03 06:58:42 33.16583 -115.64167 2.43
9857013 3.76 2002/11/05 14:06:42 31.52333 -115.50150 5.96
13908892 3.08 2002/11/07 11:02:11 34.80317 -116.27483 3.69
13909220 3.52 2002/11/08 23:19:07 34.92400 -119.01667 12.45
13909360 3.06 2002/11/09 21:06:31 35.94883 -117.29483 5.27
13909920 4.22 2002/11/12 16:48:26 35.96167 -120.56767 9.44
13911264 3.45 2002/11/18 17:36:16 35.89600 -121.02533 7.05
13912452 3.11 2002/11/25 00:03:15 37.09967 -117.33967 1.08
12056199 3.50 2002/11/26 13:45:38 31.85600 -115.02700 10.95
13912892 4.08 2002/11/26 13:45:52 32.09967 -115.00750 7.02
13913212 3.37 2002/11/27 18:48:01 34.38333 -116.46467 3.07
13913324 3.05 2002/11/28 02:07:16 31.87400 -115.61767 7.01
13913368 3.03 2002/11/28 10:05:58 34.80517 -116.26967 6.35
13914388 3.06 2002/12/01 17:49:18 33.78483 -116.11517 2.68
13914536 3.08 2002/12/02 10:40:21 37.40383 -117.16167 7.69
13914552 3.29 2002/12/02 13:19:36 33.32467 -115.69933 4.05
13914868 3.02 2002/12/03 02:59:21 33.99250 -116.86433 14.30
13915968 3.13 2002/12/06 11:21:59 35.97433 -120.61483 15.89
13917260 4.84 2002/12/10 21:04:01 32.23167 -115.79817 6.99
13917272 3.97 2002/12/10 21:47:15 32.22483 -115.79500 6.97
13917540 3.17 2002/12/11 15:20:38 33.94883 -119.18900 0.94
9867737 3.31 2002/12/12 02:47:04 32.22983 -115.78700 6.99
9867773 3.48 2002/12/12 05:58:38 37.56883 -118.52133 6.99
9869697 4.21 2002/12/12 21:03:43 32.36717 -115.20183 7.02
9870453 3.28 2002/12/14 13:07:10 37.99017 -116.97600 6.94
9872497 3.48 2002/12/22 12:55:33 33.88517 -116.25750 10.63
9873153 3.17 2002/12/24 02:43:28 37.51966 -118.85316 6.39
9874017 3.17 2002/12/27 12:01:48 32.16917 -115.33683 7.07
9874421 3.27 2002/12/28 14:08:21 36.12350 -120.10567 0.11
9874701 3.15 2002/12/29 19:36:07 35.31500 -118.65583 2.38
9875085 3.03 2002/12/31 03:29:02 36.22900 -120.18983 7.11
9875257 3.49 2003/01/01 00:51:45 33.36683 -119.13117 7.01
9875457 3.03 2003/01/01 21:02:54 35.31983 -118.66133 5.60
9875657 3.64 2003/01/02 16:11:38 35.31950 -118.65667 3.63
9875665 3.59 2003/01/02 16:15:45 35.31300 -118.65667 3.60
9879733 3.75 2003/01/13 14:28:28 32.40417 -115.25967 7.00
9880217 3.25 2003/01/15 09:46:53 36.09483 -117.99683 5.60
9881041 3.10 2003/01/18 10:43:38 34.30000 -118.57783 2.11
9881269 3.12 2003/01/19 22:59:47 32.20133 -115.79900 6.99
9881373 3.44 2003/01/20 14:57:03 32.76600 -115.54933 21.74
9881873 3.03 2003/01/22 20:28:23 33.89533 -118.55083 13.55
9881993 3.24 2003/01/23 19:20:59 31.57867 -115.78550 6.81
9882325 3.88 2003/01/25 09:11:03 35.32483 -118.66100 5.60
9882329 4.54 2003/01/25 09:16:10 35.31750 -118.65383 5.60
9882545 3.05 2003/01/26 05:30:23 35.31517 -118.65100 4.23
13930396 3.01 2003/01/30 21:21:58 34.84683 -121.17567 7.07
13930772 3.32 2003/02/01 10:01:26 32.10217 -117.50617 7.00
13930844 3.25 2003/02/01 17:26:52 33.74517 -116.02083 11.04
9886485 4.99 2003/02/07 10:34:05 31.62817 -115.51067 7.62
9886493 3.09 2003/02/07 11:44:01 31.59867 -115.53400 13.57
9887057 3.17 2003/02/09 07:05:12 35.32850 -118.66917 2.36
9887361 3.38 2003/02/10 18:10:25 36.58733 -121.21050 16.40
13935208 3.38 2003/02/19 17:10:24 34.89283 -119.36167 11.93
13935312 3.13 2003/02/19 21:00:58 34.89500 -119.35717 12.96
13935988 5.37 2003/02/22 12:19:11 34.30983 -116.84800 1.23
13935992 4.00 2003/02/22 12:20:16 34.31100 -116.84733 4.38
13935996 4.34 2003/02/22 12:21:33 34.31083 -116.85067 4.38
13936000 3.72 2003/02/22 12:22:40 34.31017 -116.84750 5.52
13936004 3.09 2003/02/22 12:23:11 34.34033 -116.85250 0.04
13936072 3.15 2003/02/22 12:25:00 34.31200 -116.85017 4.84
13936076 4.01 2003/02/22 12:25:14 34.32600 -116.85717 9.31
13936152 3.39 2003/02/22 12:28:36 34.30983 -116.84833 5.45
13936168 3.15 2003/02/22 12:33:38 34.31300 -116.85050 5.77
13936216 3.08 2003/02/22 12:48:44 34.31650 -116.85600 2.16
13936236 3.47 2003/02/22 12:53:53 34.30633 -116.84050 4.58
13936432 4.10 2003/02/22 14:16:08 34.32417 -116.85800 4.16
13936596 3.87 2003/02/22 16:12:17 34.31350 -116.84917 4.32
13936736 3.11 2003/02/22 17:50:13 34.31983 -116.85067 3.39
13936812 4.50 2003/02/22 19:33:46 34.30967 -116.85033 3.02
13937492 3.54 2003/02/23 09:24:23 34.31267 -116.85033 3.72
13937600 3.44 2003/02/23 15:52:51 34.30483 -116.84667 5.86
13937696 3.30 2003/02/23 20:28:14 34.31700 -116.84183 2.35
13938172 3.02 2003/02/24 02:42:08 34.30700 -116.83250 3.65
13938228 3.27 2003/02/24 04:04:00 34.31217 -116.85233 6.16
13938592 3.22 2003/02/24 23:06:45 33.44533 -116.43650 13.07
13938688 3.03 2003/02/25 02:26:19 34.31433 -116.85067 5.21
13938812 4.61 2003/02/25 04:03:05 34.31550 -116.84450 2.71
13939456 3.63 2003/02/26 01:45:29 34.33100 -116.85683 3.33
13939856 4.04 2003/02/27 05:00:22 34.30433 -116.84300 4.60
13940064 3.02 2003/02/27 13:36:08 32.18567 -115.78650 7.02
13941688 3.16 2003/03/02 11:50:07 32.20200 -115.80083 6.99
13941840 3.01 2003/03/02 17:59:02 34.32583 -116.86150 1.92
13942084 3.23 2003/03/03 09:57:54 33.19900 -115.57983 3.68
13942864 3.04 2003/03/05 16:05:54 34.69833 -116.30300 5.60
13944196 4.30 2003/03/08 15:35:02 37.62400 -118.88850 9.02
13944352 3.26 2003/03/09 05:36:58 37.60217 -118.88867 6.99
13944376 3.04 2003/03/09 08:22:57 37.56400 -118.89300 48.61
13945908 4.64 2003/03/11 19:28:18 34.35917 -116.13317 3.89
13945912 3.40 2003/03/11 19:31:32 34.36700 -116.13200 3.30
13947424 3.59 2003/03/15 10:01:48 34.30567 -116.84283 3.59
13948332 3.30 2003/03/18 19:27:19 37.59883 -118.57600 7.00
13948532 3.12 2003/03/19 10:44:51 37.56533 -118.82350 7.00
13948844 3.34 2003/03/20 12:42:41 31.13800 -115.45733 5.06
13948988 3.47 2003/03/21 18:46:34 36.66267 -117.18650 9.66
13949156 3.79 2003/03/22 13:37:28 31.17133 -115.93217 6.00
13949584 3.14 2003/03/24 17:34:53 33.26950 -117.89500 10.00
13951900 3.04 2003/04/01 20:54:37 36.02383 -120.67417 3.05
13953268 3.17 2003/04/06 02:18:12 37.38767 -117.11533 7.01
9906237 3.34 2003/04/09 04:16:47 31.86433 -115.86383 6.00
9906629 3.28 2003/04/10 23:03:16 34.31033 -116.85117 5.77
9906977 3.12 2003/04/12 00:59:46 36.60350 -121.29133 6.70
9907305 3.27 2003/04/13 16:39:23 33.18433 -115.60167 3.34
9907437 3.14 2003/04/14 10:08:57 33.89767 -118.21750 14.02
9909097 3.17 2003/04/19 23:50:25 33.79483 -116.08817 8.56
9909533 3.51 2003/04/21 15:46:47 36.56433 -120.73917 7.01
13958784 3.33 2003/04/25 22:00:29 33.01533 -118.92767 6.00
13959492 3.15 2003/04/28 07:37:31 32.33383 -117.86200 6.00
13959680 3.34 2003/04/29 02:38:41 33.11567 -116.07367 12.81
13961740 3.11 2003/05/06 23:52:46 32.23400 -115.80933 6.00
9915709 3.87 2003/05/14 22:47:18 33.74917 -116.02350 8.22
9915909 3.63 2003/05/15 17:58:02 35.83800 -118.10950 10.69
9916341 3.11 2003/05/17 11:27:26 33.18117 -115.60467 2.98
13965956 3.78 2003/05/22 23:48:57 36.72400 -121.30500 7.11
13966128 3.04 2003/05/23 18:35:42 35.20833 -118.11717 5.05
13966244 3.54 2003/05/23 23:53:38 32.94783 -115.55417 15.83
13966288 3.11 2003/05/24 00:20:59 32.94283 -115.55350 15.19
13966396 4.17 2003/05/24 02:04:29 32.94850 -115.55033 16.00
13966672 3.76 2003/05/24 06:51:10 32.96150 -115.54450 16.73
13967196 3.50 2003/05/26 10:38:31 36.99067 -120.15916 12.52
9919225 3.13 2003/05/27 20:51:58 31.61517 -115.70167 7.00
9919673 3.32 2003/05/29 18:33:03 38.26483 -117.82500 0.05
9919721 3.56 2003/05/29 22:52:15 38.24300 -117.92850 2.78
9919785 3.28 2003/05/30 09:03:39 36.97283 -120.11333 27.37
13968372 3.23 2003/06/01 21:00:30 38.04083 -117.58167 6.54
13970128 3.16 2003/06/07 13:32:34 32.86933 -118.49617 6.00
13970672 3.19 2003/06/11 14:12:26 31.89217 -114.55600 6.00
13970808 3.50 2003/06/11 21:13:05 32.07667 -114.62550 6.00
13970876 3.57 2003/06/12 03:53:08 32.95150 -115.55383 17.02
9520294 3.39 2003/06/12 03:54:11 32.95683 -115.54950 15.78
13971180 3.15 2003/06/13 07:52:47 34.30500 -116.83483 7.29
13971624 3.15 2003/06/15 17:25:31 37.46267 -118.91300 7.01
9520538 3.14 2003/06/17 20:25:05 34.18283 -117.47933 3.28
9923613 3.38 2003/06/17 20:25:15 34.17733 -117.47417 4.00
9924281 3.33 2003/06/20 06:29:01 34.87233 -120.18967 8.06
9924373 3.45 2003/06/20 16:07:31 32.63783 -116.13850 10.02
13974072 4.06 2003/06/26 06:20:01 32.01567 -117.38400 6.00
13974300 3.19 2003/06/27 11:29:34 32.66867 -118.18150 6.00
9927869 3.60 2003/07/03 10:17:15 31.68583 -116.01983 6.00
9928213 3.16 2003/07/04 20:54:16 36.40667 -119.43983 8.67
9930549 4.15 2003/07/15 06:15:51 34.62167 -116.66717 7.64
13978600 3.10 2003/07/17 10:08:10 34.71517 -121.14117 6.00
13978612 3.24 2003/07/17 10:33:23 34.72333 -121.13033 6.00
9934165 3.30 2003/07/29 09:03:21 36.99483 -119.22983 7.55
9935153 3.04 2003/08/01 19:06:49 33.31250 -115.73033 7.33
9936525 3.03 2003/08/08 04:55:04 33.38950 -118.66500 2.78
13985852 3.45 2003/08/18 19:35:52 37.52500 -118.82800 20.28
13986068 3.03 2003/08/19 20:07:57 32.72400 -116.02083 14.73
13986104 3.65 2003/08/19 22:02:09 36.46517 -118.29083 9.47
9940565 3.23 2003/08/25 07:31:11 34.39500 -118.65067 17.33
9940633 3.21 2003/08/25 13:31:27 31.79783 -116.22233 2.06
9941081 3.90 2003/08/27 06:02:22 34.40417 -118.64767 17.86
9941437 3.02 2003/08/28 17:33:35 36.13100 -120.34550 6.94
9942841 3.60 2003/09/05 01:39:54 37.83050 -122.27734 5.95
9944001 3.12 2003/09/10 15:27:40 33.31650 -116.36017 14.61
9944301 3.74 2003/09/11 17:03:40 32.51733 -115.27683 6.00
9944637 3.43 2003/09/13 00:59:27 34.33967 -118.74267 15.59
9944785 3.05 2003/09/14 02:32:31 33.76017 -116.02817 5.58
13992816 3.09 2003/09/21 07:43:25 36.09083 -120.63350 2.75
13993764 3.37 2003/09/25 14:33:46 36.80617 -121.32700 6.28
9949485 3.72 2003/10/07 05:20:33 38.13133 -118.27700 4.13
9949649 3.63 2003/10/07 17:35:51 32.52783 -117.12283 15.38
9949793 4.29 2003/10/08 11:26:23 32.16800 -115.42500 6.00
9949961 3.06 2003/10/09 07:33:55 33.40983 -116.40333 12.46
9950169 3.52 2003/10/10 02:27:36 34.22683 -116.44983 1.71
13997524 3.36 2003/10/15 04:18:40 34.03550 -116.39683 11.93
13998096 3.19 2003/10/18 07:27:19 35.21983 -120.79467 0.10
13998352 3.27 2003/10/19 15:32:53 37.89050 -122.14467 0.05
13998476 3.22 2003/10/20 17:50:10 37.89433 -122.17950 3.72
13998520 3.16 2003/10/20 20:53:51 32.15400 -115.42850 7.01
13998768 3.59 2003/10/22 00:04:03 32.33517 -115.25133 28.94
13999244 3.14 2003/10/24 10:11:05 33.05917 -115.90867 2.96
13999448 3.35 2003/10/25 05:49:52 32.19250 -115.42017 7.01
14000376 3.59 2003/10/29 23:44:49 34.27217 -118.75300 13.81
14000472 3.27 2003/10/30 16:14:29 31.66200 -115.83733 6.00
14000872 3.28 2003/11/01 14:52:36 35.13317 -118.93917 14.71
14000944 3.27 2003/11/02 03:59:14 34.16717 -117.40800 11.72
14001236 3.29 2003/11/04 06:22:14 32.15600 -115.42483 6.00
14002288 3.68 2003/11/06 22:04:13 37.20467 -121.66817 0.11
14002952 3.33 2003/11/11 02:07:53 37.40617 -118.59900 6.53
14003288 3.26 2003/11/12 20:23:10 33.90333 -116.90117 13.96
14003372 3.31 2003/11/13 05:17:57 33.36233 -116.40783 13.53
14003952 3.97 2003/11/15 20:11:59 38.24750 -117.85200 2.73
14003964 3.14 2003/11/15 20:42:20 38.17833 -117.90550 3.30
14003980 4.09 2003/11/15 21:19:36 38.24250 -117.86250 3.10
14004016 3.49 2003/11/16 00:36:34 32.15017 -115.41117 6.00
14004080 3.19 2003/11/16 06:08:29 38.27417 -117.81217 4.92
14004388 3.61 2003/11/18 06:59:33 38.30517 -117.79784 4.67
14005408 3.09 2003/11/23 03:06:23 33.69433 -116.03533 12.49
14006256 3.47 2003/11/27 14:38:17 33.80033 -116.18317 5.56
14006712 3.09 2003/11/30 15:29:02 34.43033 -119.14383 17.20
14007388 3.73 2003/12/04 06:15:52 35.63550 -117.57650 2.81
14008004 3.39 2003/12/06 13:50:28 34.09683 -117.30800 17.15
14008156 3.18 2003/12/07 14:49:58 35.63233 -117.57533 1.92
9962905 3.49 2003/12/11 17:33:57 32.19917 -115.44350 26.56
9965461 3.16 2003/12/17 22:06:39 31.70700 -116.00283 6.00
9966017 3.33 2003/12/20 12:52:44 34.69167 -116.29033 1.91
9966033 4.00 2003/12/20 16:35:24 37.17883 -117.85517 9.31
9966449 6.54 2003/12/22 19:15:57 35.70850 -121.10433 7.01
9966469 3.10 2003/12/22 19:49:24 35.62733 -120.93983 9.94
9966477 4.69 2003/12/22 19:53:30 35.65117 -121.07167 7.01
9966481 3.86 2003/12/22 19:59:32 35.61967 -120.97867 6.18
9966489 3.84 2003/12/22 20:01:33 35.59367 -120.89600 5.60
9966505 3.96 2003/12/22 20:06:15 35.69283 -121.09817 6.44
9966561 4.10 2003/12/22 20:41:44 35.66800 -121.05933 8.31
9966585 3.03 2003/12/22 21:03:34 35.58033 -120.87667 6.54
9966589 3.03 2003/12/22 21:05:09 35.66233 -121.06533 7.95
9966593 3.33 2003/12/22 21:06:11 35.57933 -120.94317 7.92
9966621 3.44 2003/12/22 21:25:12 35.54633 -120.81967 0.02
9966629 4.23 2003/12/22 21:31:37 35.71117 -121.04617 8.40
9966697 3.40 2003/12/22 22:18:21 35.70800 -121.04983 6.62
9966837 3.71 2003/12/22 23:35:56 35.71100 -121.05150 8.41
9966869 4.21 2003/12/22 23:52:37 35.55350 -120.92000 5.58
9966881 3.37 2003/12/23 00:06:00 35.54017 -120.91067 6.91
9966917 3.46 2003/12/23 00:27:23 35.54500 -120.91700 7.00
9966977 3.24 2003/12/23 01:18:05 35.57533 -120.82750 3.69
9966985 3.04 2003/12/23 01:30:56 35.70833 -121.03617 5.32
9967025 4.03 2003/12/23 02:06:56 35.68850 -121.06783 7.00
9967093 3.53 2003/12/23 03:03:21 35.66150 -121.07667 0.00
9967137 4.36 2003/12/23 03:46:02 35.69567 -121.09283 2.30
9967197 3.07 2003/12/23 04:34:25 35.66717 -121.08300 0.25
9967221 3.36 2003/12/23 05:00:56 35.53100 -120.81500 0.02
9967249 4.26 2003/12/23 05:30:19 35.68067 -121.12867 0.12
9967437 3.21 2003/12/23 08:03:35 35.60467 -120.88817 7.00
9967449 3.06 2003/12/23 08:14:11 35.54433 -120.83383 0.04
9967541 4.07 2003/12/23 09:41:47 35.41650 -121.16350 7.04
9967613 3.29 2003/12/23 10:47:32 35.57100 -120.95000 4.77
9967653 4.02 2003/12/23 11:40:37 35.69100 -121.10833 6.98
9967901 4.63 2003/12/23 18:17:12 35.64867 -121.06583 5.56
9968089 3.43 2003/12/24 00:39:37 35.69050 -121.24333 7.02
9968165 3.28 2003/12/24 04:15:15 35.65417 -121.10633 0.02
9968205 3.41 2003/12/24 05:22:30 35.67600 -121.10217 7.00
9968217 3.13 2003/12/24 05:52:09 35.70700 -121.03383 0.22
9968305 3.38 2003/12/24 09:36:09 35.53833 -120.83183 0.03
9968437 3.39 2003/12/24 14:32:50 35.47483 -121.12533 7.05
9968525 3.69 2003/12/24 17:42:24 34.77717 -120.51550 1.12
9968749 3.98 2003/12/25 05:20:14 35.65833 -121.10600 7.00
9968757 3.19 2003/12/25 05:47:53 32.14283 -116.42283 1.29
9968793 3.88 2003/12/25 06:34:50 35.66617 -121.19233 6.96
9968873 3.40 2003/12/25 08:11:24 35.71717 -121.05083 6.63
9968913 3.09 2003/12/25 09:34:35 35.66083 -121.10300 5.60
9968933 3.37 2003/12/25 10:14:23 35.66300 -121.07900 0.01
9968977 4.41 2003/12/25 11:50:03 35.54767 -120.82867 5.19
9969017 3.38 2003/12/25 14:14:42 35.68450 -121.06567 0.03
9969121 3.61 2003/12/25 18:23:33 35.71250 -121.05700 7.13
9969157 3.10 2003/12/25 19:41:46 35.54350 -120.82517 0.03
9969213 3.27 2003/12/25 23:04:16 35.57200 -120.89550 5.83
9969249 3.43 2003/12/26 01:22:35 35.64650 -121.38700 6.99
9969265 3.47 2003/12/26 02:35:33 35.62967 -120.91367 4.33
9969485 3.98 2003/12/26 15:38:46 35.65933 -121.10800 5.65
9969585 3.45 2003/12/26 21:54:04 35.65050 -121.09500 0.01
9969797 3.13 2003/12/27 13:04:50 35.66283 -121.09000 6.92
9969805 3.21 2003/12/27 14:23:01 35.65783 -121.11217 6.96
9969813 3.28 2003/12/27 14:35:42 35.66033 -121.14267 7.01
9969881 3.07 2003/12/27 20:26:09 35.63267 -120.93517 1.01
9969905 3.86 2003/12/27 21:29:40 35.66767 -121.10683 7.00
9969989 3.55 2003/12/28 01:47:46 35.60383 -120.89133 0.03
9970345 3.13 2003/12/29 00:20:22 35.59500 -121.05334 5.53
9970349 3.53 2003/12/29 00:49:12 33.97050 -117.81517 16.74
9970365 3.18 2003/12/29 01:03:47 33.97333 -117.81550 16.33
9970417 3.45 2003/12/29 02:38:45 35.55367 -120.95617 3.90
9970537 3.42 2003/12/29 09:05:04 35.71767 -121.29467 7.01
9970629 3.14 2003/12/29 15:20:18 35.63433 -121.10733 7.00
9970681 3.69 2003/12/29 18:05:52 35.71133 -121.06300 6.98
9971045 3.39 2003/12/30 21:17:38 35.64433 -121.41617 2.93
9971133 3.69 2003/12/31 04:12:10 35.72333 -121.05550 7.01
9971141 3.68 2003/12/31 05:13:20 35.56300 -120.95284 0.35
14018276 3.20 2004/01/01 09:00:24 35.63033 -117.57767 0.03
14018288 3.52 2004/01/01 11:13:30 35.70633 -121.02300 5.61
14018328 3.35 2004/01/01 14:03:09 35.71500 -120.96233 6.72
14018428 3.09 2004/01/01 23:21:32 35.65933 -121.09000 7.00
14018508 4.41 2004/01/02 10:44:53 35.70133 -121.13517 6.98
14018780 3.21 2004/01/03 09:09:49 35.68033 -121.15333 7.00
14018784 3.04 2004/01/03 09:17:07 34.36750 -118.62283 12.12
14019020 3.63 2004/01/04 05:43:52 35.62750 -121.14433 7.00
14019212 3.52 2004/01/04 23:17:16 35.68283 -121.09216 7.01
14019272 3.38 2004/01/05 05:58:03 32.18183 -115.41417 7.02
14019316 3.06 2004/01/05 10:24:50 35.68517 -121.15750 6.00
9972805 3.70 2004/01/06 06:39:28 35.57217 -121.34950 7.00
9972941 3.90 2004/01/06 18:28:39 35.70433 -121.08800 7.00
9973785 3.01 2004/01/09 07:34:51 35.28717 -120.28083 5.60
9974029 3.50 2004/01/10 04:09:33 35.51117 -120.92633 6.97
9974425 3.16 2004/01/11 20:18:29 31.97967 -116.15517 7.00
9974649 3.42 2004/01/12 17:24:51 32.22667 -115.41700 7.01
9974777 3.53 2004/01/13 01:14:27 37.51400 -118.84333 3.24
9975073 3.44 2004/01/14 01:09:16 35.57050 -120.78033 0.22
9975637 3.29 2004/01/16 17:40:03 32.11117 -115.84933 7.01
9975861 3.25 2004/01/17 09:41:27 35.60183 -120.90200 7.00
9975869 3.01 2004/01/17 10:05:26 35.60200 -120.87850 4.45
9976301 3.37 2004/01/19 22:36:45 35.64133 -120.91550 7.49
14023524 3.45 2004/01/21 06:25:59 35.56133 -120.79667 1.54
14024152 3.15 2004/01/23 00:34:17 35.81167 -121.23633 7.01
14025084 3.08 2004/01/26 17:00:04 34.80983 -116.31083 2.95
14025144 3.76 2004/01/26 19:16:26 31.32050 -115.59600 6.23
14025600 3.22 2004/01/28 12:00:14 31.99483 -116.63983 7.00
14025620 3.31 2004/01/28 14:18:42 37.52450 -118.82767 3.58
14026240 3.17 2004/01/30 17:21:17 31.76400 -115.87183 7.00
14026336 3.29 2004/01/31 02:11:23 37.10350 -121.55183 0.22
14026464 3.11 2004/01/31 15:24:50 32.28483 -116.32400 6.00
9981053 3.04 2004/02/06 21:15:01 35.74166 -121.31866 6.92
9981381 3.01 2004/02/07 22:57:10 33.73317 -117.50767 7.09
9981769 3.33 2004/02/09 14:05:48 35.53250 -120.78733 0.03
9982525 3.47 2004/02/11 15:51:18 37.43800 -118.62250 5.80
9982749 3.66 2004/02/12 09:27:47 35.58967 -120.89200 3.50
9983429 4.34 2004/02/14 12:43:11 35.03850 -119.13150 11.66
9983625 3.61 2004/02/15 02:52:23 35.58917 -120.88500 1.24
9984141 3.40 2004/02/17 07:16:03 35.05533 -119.10750 14.34
9986257 3.08 2004/02/25 03:09:04 31.61350 -115.76367 0.04
9986489 3.58 2004/02/25 22:23:02 33.81633 -117.04300 15.05
9986677 3.08 2004/02/27 07:37:18 34.05700 -117.25833 10.52
9986693 3.59 2004/02/27 08:33:06 35.53433 -120.82150 0.18
9988573 3.18 2004/03/06 18:22:06 35.53417 -120.93283 7.01
9989421 3.64 2004/03/09 19:54:47 32.35483 -115.23933 6.00
9989549 3.30 2004/03/10 06:13:04 35.52433 -120.75684 0.11
9990069 3.98 2004/03/11 07:00:29 35.63633 -121.08200 7.00
9990569 3.52 2004/03/13 14:14:17 35.64533 -120.91700 6.60
9990637 3.59 2004/03/13 22:08:49 31.82667 -116.08383 0.22
9991197 3.51 2004/03/16 00:30:51 33.20333 -115.57800 2.43
9991213 3.61 2004/03/16 00:33:33 33.20033 -115.58267 2.32
9991253 3.33 2004/03/16 00:56:00 33.19867 -115.56883 1.07
9991425 4.32 2004/03/16 06:38:32 36.67633 -121.50584 7.38
9992053 5.03 2004/03/17 23:53:05 35.87583 -121.17950 9.11
9992165 3.44 2004/03/18 10:26:58 35.55783 -120.77767 11.54
14039128 3.49 2004/03/19 01:09:23 34.30833 -116.93300 10.06
9992737 3.10 2004/03/20 04:55:37 33.51283 -116.57683 14.65
9992929 3.43 2004/03/20 21:48:26 35.62100 -120.90583 6.80
9993013 3.08 2004/03/21 11:23:45 32.68567 -115.78967 7.06
9993369 3.32 2004/03/22 21:03:59 35.57967 -120.87583 2.83
9994217 3.16 2004/03/26 17:10:17 33.22317 -116.08083 13.89
9994573 3.82 2004/03/28 07:20:03 36.18017 -118.16167 7.73
14042308 3.11 2004/03/31 04:57:36 36.17950 -118.15883 5.60
9995929 3.30 2004/04/01 21:15:36 31.75117 -115.79017 1.27
9996317 3.17 2004/04/02 22:51:52 35.34733 -117.19317 5.63
9996681 3.02 2004/04/04 13:45:12 35.55433 -120.86417 3.45
9997137 3.29 2004/04/05 14:25:29 34.05017 -117.26133 12.36
9996961 3.42 2004/04/05 20:38:07 33.42450 -116.97383 11.00
9998037 3.20 2004/04/08 15:46:22 33.10083 -115.86567 11.86
9998701 3.13 2004/04/10 01:53:37 31.77333 -116.23783 6.00
10000605 3.35 2004/04/15 02:28:09 33.94283 -116.99417 16.76
10001661 3.01 2004/04/19 15:14:56 31.93600 -115.68933 7.00
10001897 3.15 2004/04/20 12:41:27 33.55583 -118.36817 15.49
14049636 3.57 2004/04/26 05:58:08 35.54716 -121.28950 6.74
14049760 3.30 2004/04/26 19:14:01 37.71350 -121.84666 15.59
14049912 3.39 2004/04/27 07:12:07 38.05067 -118.81767 6.82
10004297 3.78 2004/04/29 17:23:50 31.68367 -116.01317 1.75
10004657 3.25 2004/04/30 18:17:18 33.97400 -118.67600 13.21
10004809 3.72 2004/05/01 02:52:59 35.53567 -120.81450 0.13
10005209 3.77 2004/05/02 13:22:00 35.51317 -120.80183 0.22
10005685 3.20 2004/05/04 17:25:13 35.60550 -120.87283 5.60
12161179 3.49 2004/05/04 17:25:29 36.47733 -121.28433 6.88
10006857 4.40 2004/05/09 08:57:17 34.39467 -120.02233 4.42
10007797 3.22 2004/05/11 23:37:47 33.76117 -118.97683 6.00
10008241 3.05 2004/05/13 06:04:29 33.64633 -116.73500 16.16
10009769 3.39 2004/05/17 21:41:12 35.54833 -120.85267 2.03
10013349 3.44 2004/05/27 18:15:40 35.61934 -120.90217 7.01
10014481 3.47 2004/05/31 01:41:06 35.79850 -121.26050 6.61
10014793 3.06 2004/06/01 14:36:15 34.29550 -116.87767 5.54
14062108 3.12 2004/06/04 11:23:15 37.54000 -118.82684 11.57
14062360 3.48 2004/06/05 02:46:53 35.55167 -121.25400 7.01
14064140 3.09 2004/06/11 18:13:22 35.67367 -121.07633 7.00
14065544 5.27 2004/06/15 22:28:48 32.32867 -117.91750 10.00
14065620 3.56 2004/06/16 00:43:48 32.35600 -117.81933 7.00
14066336 3.13 2004/06/17 01:09:36 35.96633 -117.98250 4.52
14066436 3.03 2004/06/17 06:44:45 32.32900 -117.83967 10.00
14066852 3.03 2004/06/18 11:49:09 33.17983 -115.60450 3.65
14066992 3.18 2004/06/19 01:12:54 35.51817 -120.60517 11.48
10023841 3.71 2004/06/29 10:20:44 36.07283 -117.90017 5.29
10024373 3.13 2004/06/30 05:46:31 32.37267 -115.26050 6.00
10025617 3.44 2004/07/06 00:29:17 32.08200 -115.33033 6.00
10025757 3.40 2004/07/06 16:05:45 34.06083 -118.85267 13.50
14072464 3.69 2004/07/09 04:43:46 32.50833 -115.74133 5.51
14072480 3.30 2004/07/09 05:02:50 32.53383 -115.74917 7.36
14072500 3.09 2004/07/09 06:30:05 32.52767 -115.75300 3.72
14073780 3.96 2004/07/13 23:45:46 35.72833 -121.01867 1.50
14073800 4.02 2004/07/14 00:53:52 33.71100 -116.05567 12.87
14073828 3.61 2004/07/14 02:45:29 35.78050 -121.26300 6.65
14074120 3.50 2004/07/15 01:43:23 35.31483 -119.43250 1.09
14074232 3.03 2004/07/15 12:20:54 33.35150 -116.37217 13.29
10029573 3.65 2004/07/20 05:09:37 32.25817 -115.13617 7.01
14076040 3.02 2004/07/20 22:59:43 32.32750 -115.14333 6.00
14076664 3.18 2004/07/22 15:01:13 32.35717 -115.25183 6.00
14077668 4.27 2004/07/24 12:55:20 34.38050 -119.43600 3.61
14078640 3.76 2004/07/27 03:38:18 35.71433 -121.02417 5.63
14078696 3.27 2004/07/27 11:01:12 32.58433 -116.19183 0.01
14079184 3.78 2004/07/28 20:19:43 34.12867 -117.44833 6.41
14080152 3.05 2004/08/01 18:03:40 32.71583 -116.05583 8.07
14080428 3.55 2004/08/02 16:28:46 32.07533 -117.37767 6.00
10035657 4.15 2004/08/06 16:28:31 33.90283 -123.62350 6.00
10036997 3.31 2004/08/10 14:17:18 37.43900 -117.08517 5.60
10037165 3.04 2004/08/10 23:53:12 36.11234 -120.62984 19.61
10037185 3.34 2004/08/11 01:24:05 37.41617 -117.09400 3.14
10037245 3.49 2004/08/11 09:11:03 35.56233 -120.83000 3.51
14085504 3.85 2004/08/16 07:39:01 35.66033 -120.95383 3.50
14086384 3.05 2004/08/20 12:59:44 35.63650 -120.74533 0.06
14086684 4.16 2004/08/22 01:25:12 32.34183 -115.22417 6.00
14086812 3.05 2004/08/23 00:19:32 34.13917 -119.18317 24.24
14086916 3.16 2004/08/23 13:22:13 34.67067 -116.35917 2.90
14087396 3.05 2004/08/26 02:58:42 32.30600 -115.30717 7.00
14088052 4.61 2004/08/30 04:30:57 36.49300 -121.31350 5.93
14088072 4.80 2004/08/30 05:35:28 29.53000 -116.56000 6.00
14088224 3.18 2004/08/30 20:51:37 34.42383 -117.68200 7.27
14088272 3.17 2004/08/31 00:09:14 35.59950 -117.03500 5.60
10043593 3.08 2004/09/09 02:12:12 32.20500 -115.73533 7.01
10043713 3.67 2004/09/09 15:30:06 35.08783 -117.51733 5.64
10044217 3.11 2004/09/11 22:58:15 32.24100 -115.33400 7.01
12173023 3.06 2004/09/11 22:58:36 32.17700 -115.33467 7.00
10044373 3.35 2004/09/12 20:28:25 32.24950 -115.32833 7.01
10044661 3.11 2004/09/14 14:41:17 36.08600 -117.86083 2.59
14090880 3.13 2004/09/15 01:46:05 36.08500 -117.85633 1.89
14091288 3.63 2004/09/16 13:29:31 34.12150 -116.40300 8.14
14091644 3.50 2004/09/18 07:07:11 37.98400 -118.66700 7.54
14091768 3.23 2004/09/18 20:50:34 37.99217 -118.67883 3.79
14091776 3.07 2004/09/18 21:32:23 32.08133 -115.07933 7.01
14091792 5.49 2004/09/18 23:02:18 37.99733 -118.67967 6.07
14091796 3.23 2004/09/18 23:08:59 37.99133 -118.67450 5.28
14091860 3.33 2004/09/18 23:36:10 37.99117 -118.69283 1.34
14091872 3.09 2004/09/18 23:40:34 37.99483 -118.67800 7.84
14091884 5.04 2004/09/18 23:43:48 37.57100 -118.87984 7.03
14091888 3.95 2004/09/18 23:47:59 38.02217 -118.65567 6.09
14091912 3.05 2004/09/19 00:02:23 37.67733 -118.84433 0.00
14091932 3.13 2004/09/19 00:07:38 38.01183 -118.63934 7.76
14092064 3.13 2004/09/19 01:27:20 37.19517 -118.60200 0.06
14092168 3.27 2004/09/19 03:16:09 37.98034 -118.67550 5.60
14092240 3.42 2004/09/19 04:51:31 37.98917 -118.66183 4.57
14092332 3.88 2004/09/19 06:58:05 37.98967 -118.67400 8.15
14092496 3.03 2004/09/19 13:29:47 37.98417 -118.68017 5.64
14092888 3.06 2004/09/20 11:19:55 37.97667 -118.66433 4.50
14092988 4.72 2004/09/20 16:51:05 38.01534 -118.64633 0.00
10047061 3.52 2004/09/21 05:51:43 37.97650 -118.71050 7.73
10047109 3.42 2004/09/21 08:25:12 37.99600 -118.65017 8.32
10047501 3.32 2004/09/22 09:29:25 37.97117 -118.65950 3.61
10047697 3.12 2004/09/22 23:39:29 38.02300 -118.68233 7.95
10048073 3.37 2004/09/24 00:07:03 37.98183 -118.70150 0.09
10048137 3.12 2004/09/24 06:28:44 31.88100 -115.74267 6.00
10048277 3.18 2004/09/24 17:27:03 37.99967 -118.67533 3.95
14094528 3.65 2004/09/26 15:54:06 36.11700 -120.71367 0.00
14094588 3.50 2004/09/27 02:00:07 36.13683 -120.66517 0.11
14094992 6.00 2004/09/28 17:15:25 35.81183 -120.37850 5.51
14094996 4.91 2004/09/28 17:24:15 35.79667 -120.35983 0.02
14095000 3.23 2004/09/28 17:29:45 35.60950 -120.35350 0.22
14095004 3.75 2004/09/28 17:33:56 35.79800 -120.36633 0.03
14095008 3.84 2004/09/28 17:35:19 35.89600 -120.49284 1.40
14095076 3.10 2004/09/28 19:23:39 35.81983 -120.40383 0.03
14095080 4.31 2004/09/28 19:31:28 35.82733 -120.39817 0.11
14095096 3.03 2004/09/28 19:59:27 35.99583 -120.48350 14.48
14095240 3.39 2004/09/29 01:53:35 35.91650 -120.47200 2.24
14095340 3.36 2004/09/29 06:27:19 37.95350 -118.65500 0.05
14095540 5.00 2004/09/29 17:10:05 35.88550 -120.50584 0.04
14095628 5.04 2004/09/29 22:54:54 35.38983 -118.62350 3.55
14095884 3.52 2004/09/30 05:02:28 35.89667 -120.50684 0.02
14096196 5.01 2004/09/30 18:54:30 35.91183 -120.53333 2.24
14096464 3.08 2004/10/01 14:12:26 38.02217 -118.64100 6.00
14096544 3.87 2004/10/01 19:22:19 37.42117 -117.04833 6.00
14096572 3.40 2004/10/01 20:43:20 35.87333 -120.41967 9.55
14096672 3.06 2004/10/02 07:04:27 35.78683 -120.36134 2.82
14096736 4.28 2004/10/02 12:22:09 35.55550 -120.81550 1.65
14096816 3.03 2004/10/02 22:12:41 35.88933 -120.49017 0.04
14096876 3.10 2004/10/03 00:32:16 33.23267 -115.69967 3.27
14098412 4.40 2004/10/09 03:45:49 37.96366 -118.65350 7.87
14098488 3.28 2004/10/09 06:39:10 36.04533 -117.81167 0.49
14098588 3.13 2004/10/09 12:02:44 34.83017 -118.35050 6.74
14098796 3.37 2004/10/10 14:03:23 37.94517 -118.65900 5.66
14098816 3.03 2004/10/10 18:58:26 36.08150 -117.99100 5.30
14098884 3.19 2004/10/10 23:20:45 37.95183 -118.66483 0.06
10053553 3.18 2004/10/13 08:34:18 38.02400 -118.67500 4.90
10053633 3.40 2004/10/13 21:46:38 35.90050 -120.39450 13.55
10054037 3.33 2004/10/16 05:05:36 34.45433 -119.11683 26.93
10054229 3.15 2004/10/17 11:35:11 35.57667 -120.88966 0.02
10054265 3.14 2004/10/17 15:55:56 32.16117 -115.05800 6.00
10054541 3.23 2004/10/19 02:12:09 33.50033 -116.51133 14.57
10054585 3.26 2004/10/19 06:11:50 38.01000 -118.63617 7.00
10054913 3.83 2004/10/20 11:35:16 38.01150 -118.60633 5.03
10054917 3.48 2004/10/20 12:03:12 38.03150 -118.59233 5.61
10055749 3.44 2004/10/24 13:20:33 37.99333 -118.62817 0.12
10056345 3.79 2004/10/27 21:41:17 34.34350 -116.91800 5.08
10056673 3.28 2004/10/29 03:32:44 35.75367 -120.34566 0.11
10057357 3.20 2004/11/01 14:49:49 34.72550 -116.04967 2.10
10058857 3.55 2004/11/09 03:34:33 31.01283 -115.21800 1.23
10058877 3.65 2004/11/09 06:44:05 35.03333 -116.91250 4.75
10059245 3.68 2004/11/11 10:50:48 34.72317 -116.04983 2.25
10059745 4.19 2004/11/13 17:39:17 34.35350 -116.84467 9.64
10059797 3.17 2004/11/13 23:14:06 35.90217 -120.53450 6.89
10060521 3.14 2004/11/16 09:34:05 35.77250 -120.35800 0.04
10061489 3.68 2004/11/19 02:56:01 35.86483 -120.42400 6.96
10062237 3.48 2004/11/22 14:10:42 35.89000 -120.49384 0.22
10062569 4.34 2004/11/24 02:06:06 36.67950 -121.29867 2.74
10062597 3.89 2004/11/24 05:23:43 36.76667 -121.34534 3.04
10062997 3.48 2004/11/26 15:00:01 31.71267 -116.04517 0.11
10063121 3.12 2004/11/27 05:19:41 35.89267 -120.48333 0.09
10063241 3.44 2004/11/28 05:02:39 38.00834 -118.57833 5.14
10063349 4.59 2004/11/29 01:54:14 35.99583 -120.51450 9.16
10064589 3.32 2004/12/04 05:39:36 35.88800 -120.48634 0.09
10064737 3.12 2004/12/05 00:06:03 34.69500 -116.36983 2.92
10064921 3.42 2004/12/06 06:08:42 32.18017 -116.12650 5.65
10065241 3.52 2004/12/07 20:54:45 34.27133 -119.68400 0.15
10066021 3.27 2004/12/10 10:49:30 32.16000 -115.85517 6.00
10066389 3.71 2004/12/12 05:05:53 34.15017 -116.98167 11.51
10066569 3.02 2004/12/13 03:27:25 32.16850 -115.85217 11.26
10067177 3.94 2004/12/15 04:16:54 36.71967 -121.30983 0.07
10067405 3.64 2004/12/16 11:37:51 33.86867 -118.73417 0.02
10069349 3.07 2004/12/24 03:14:49 32.09383 -116.42850 6.00
10069673 3.74 2004/12/26 03:56:28 37.95150 -118.65916 0.03
10070381 3.28 2004/12/30 01:37:45 37.25400 -119.34750 7.01
10070917 3.99 2005/01/02 20:58:48 32.34633 -115.22283 6.00
10071173 3.12 2005/01/04 08:49:25 34.11733 -117.44150 4.47
14116920 3.56 2005/01/06 12:11:30 34.11833 -117.43733 4.65
14116960 3.30 2005/01/06 14:22:39 34.11350 -117.43483 4.52
14116972 4.42 2005/01/06 14:35:28 34.12500 -117.43867 4.15
14117040 3.41 2005/01/06 18:44:13 32.16167 -115.84950 5.46
14117680 3.02 2005/01/09 23:52:36 32.32417 -115.31867 7.00
14117728 3.03 2005/01/10 12:13:13 38.00633 -118.71584 0.05
14118096 4.26 2005/01/12 08:10:46 33.95267 -116.39533 7.59
14118328 3.23 2005/01/13 09:07:36 32.06967 -114.99400 6.00
14118436 3.08 2005/01/13 17:20:47 31.56700 -115.63733 15.09
14118704 3.51 2005/01/14 18:01:24 31.94900 -116.21067 17.92
14121696 3.13 2005/01/27 14:16:07 35.56833 -120.77517 0.03
14121976 3.90 2005/01/28 13:03:27 36.07133 -119.98100 0.03
14122508 3.32 2005/01/31 14:54:19 32.13017 -117.62433 7.01
14123056 4.05 2005/02/02 13:17:40 31.93850 -116.22300 6.94
10077969 3.15 2005/02/03 04:52:21 34.15817 -117.42600 10.36
10078417 3.04 2005/02/04 10:00:53 31.73933 -116.00600 6.00
10079521 3.03 2005/02/08 17:35:32 35.11517 -116.99750 4.33
10079609 3.52 2005/02/08 22:00:50 35.89633 -120.50600 0.09
10081013 3.44 2005/02/15 22:20:52 34.80183 -116.25983 7.32
10081017 4.21 2005/02/15 22:23:27 31.64833 -115.97150 3.85
10081529 3.31 2005/02/18 22:08:41 38.21617 -118.19217 16.04
10081625 3.19 2005/02/19 10:17:20 38.02750 -118.59033 0.08
10081797 3.33 2005/02/20 10:00:17 37.47567 -118.85883 6.31
9108645 7.10 1999/10/16 10:04:53 34.63 -116.30 23.59
